age_CE	trsgi	numsamp
441	0.731	1
442	1.061	1
443	1.03	1
444	1.104	1
445	0.904	1
446	1.177	1
447	1.171	1
448	0.968	1
449	1.031	1
450	1.056	1
451	0.786	1
452	1.01	1
453	1.038	1
454	0.879	1
455	0.944	1
456	1.085	1
457	1.171	1
458	0.989	1
459	0.859	1
460	1.123	1
461	0.944	1
462	1.038	1
463	1.103	1
464	1.245	1
465	1.129	2
466	1.378	2
467	0.993	2
468	1.07	2
469	1.159	2
470	1.252	2
471	1.103	2
472	0.81	2
473	1.025	2
474	1.089	2
475	1.186	2
476	1.321	2
477	1.059	2
478	0.913	2
479	0.694	2
480	0.736	2
481	0.699	2
482	0.725	2
483	0.87	2
484	0.995	2
485	0.933	2
486	1.176	2
487	1.175	2
488	0.945	2
489	0.909	2
490	1.14	2
491	1.268	2
492	1.194	2
493	1.302	2
494	1.003	2
495	0.572	2
496	0.538	2
497	0.668	2
498	0.852	2
499	0.838	2
500	0.978	2
501	0.737	2
502	0.87	2
503	0.631	2
504	0.77	2
505	0.692	2
506	0.965	2
507	0.842	2
508	0.966	2
509	1.148	2
510	1.013	2
511	0.783	2
512	0.933	2
513	1.057	2
514	0.952	2
515	1.06	2
516	0.868	2
517	0.944	2
518	0.83	2
519	0.992	2
520	1.114	2
521	1.032	2
522	1.615	2
523	1.161	2
524	1.042	2
525	1.363	2
526	1.294	2
527	1.078	2
528	1.452	2
529	1.577	2
530	1.25	2
531	1.241	2
532	1.389	2
533	1.154	2
534	1.064	2
535	1.167	2
536	1.262	2
537	1.19	2
538	1.17	2
539	1.185	2
540	1.42	2
541	1.069	2
542	0.728	2
543	0.78	2
544	0.596	2
545	0.779	2
546	0.598	2
547	0.546	2
548	0.429	2
549	0.574	2
550	0.652	2
551	0.641	2
552	0.818	2
553	0.897	2
554	0.868	2
555	0.899	2
556	0.914	2
557	1.026	2
558	1.011	2
559	1.079	2
560	1.086	2
561	0.754	2
562	0.761	2
563	0.669	2
564	0.696	2
565	1.049	2
566	0.683	2
567	0.939	2
568	0.865	2
569	0.741	2
570	0.68	2
571	0.923	2
572	0.673	2
573	0.762	2
574	0.729	2
575	0.494	2
576	0.93	2
577	0.635	2
578	0.812	2
579	1.083	2
580	0.989	2
581	1.124	2
582	1.13	2
583	1.033	2
584	0.913	2
585	0.779	2
586	1.279	2
587	1.522	2
588	1.236	2
589	1.203	2
590	1.287	2
591	1.647	2
592	1.125	2
593	1.615	2
594	1.167	2
595	1.886	2
596	1.942	2
597	1.505	2
598	1.167	2
599	1.245	2
600	1.606	2
601	1.102	2
602	1.442	2
603	1.637	2
604	1.641	2
605	1.435	2
606	1.359	2
607	1.035	2
608	1.191	2
609	1.317	2
610	1.133	2
611	0.861	2
612	1.134	2
613	1.241	2
614	1.388	2
615	1.01	2
616	0.965	2
617	1.348	2
618	1.009	2
619	0.873	2
620	0.898	2
621	0.882	2
622	0.901	2
623	0.763	2
624	0.906	2
625	0.656	2
626	0.525	2
627	0.764	2
628	0.703	2
629	0.769	2
630	0.676	2
631	1.045	2
632	1.034	2
633	0.77	2
634	0.743	2
635	0.858	2
636	0.975	2
637	0.662	2
638	1.085	2
639	1.04	2
640	0.924	2
641	0.78	2
642	0.79	2
643	0.777	2
644	0.695	2
645	0.673	2
646	0.535	2
647	0.642	2
648	0.862	2
649	1.014	2
650	1.129	2
651	1.312	2
652	1.029	2
653	1.417	2
654	1.256	2
655	1.22	2
656	1.514	2
657	1.173	2
658	1.158	2
659	1.245	2
660	1.17	2
661	1.539	2
662	1.161	2
663	1.377	2
664	1.593	2
665	1.189	2
666	1.569	2
667	1.326	2
668	1.478	2
669	1.133	2
670	1.099	2
671	1.523	2
672	1.354	2
673	1.558	2
674	1.435	2
675	1.407	2
676	1.248	2
677	1.559	2
678	1.115	2
679	1.251	2
680	1.31	2
681	1.056	2
682	1.124	2
683	1.405	2
684	1.546	2
685	0.63	2
686	0.901	2
687	0.782	2
688	0.954	2
689	0.95	2
690	1.102	2
691	1.359	2
692	0.943	2
693	0.85	2
694	0.656	2
695	0.782	2
696	0.835	2
697	0.678	2
698	1.016	2
699	0.78	2
700	1.063	2
701	0.976	2
702	0.937	2
703	0.963	2
704	0.808	2
705	0.828	2
706	0.988	2
707	1.272	2
708	0.722	2
709	1.116	2
710	1.077	2
711	0.867	2
712	0.546	2
713	0.705	2
714	0.406	2
715	0.59	2
716	0.883	2
717	0.882	2
718	0.6	2
719	0.891	2
720	0.934	2
721	0.864	2
722	0.884	2
723	0.97	2
724	0.88	2
725	1.094	2
726	1.052	2
727	1.479	2
728	1.23	2
729	1.323	2
730	1.769	2
731	1.873	2
732	1.752	2
733	1.399	2
734	1.801	2
735	1.314	2
736	1.275	2
737	0.867	2
738	1.164	2
739	1.001	3
740	0.708	3
741	0.855	3
742	0.901	3
743	0.811	3
744	0.841	3
745	0.672	3
746	1.099	3
747	1.223	3
748	1.097	3
749	1.003	3
750	0.937	3
751	0.953	3
752	1.138	3
753	1.078	3
754	0.961	3
755	1.152	3
756	0.839	3
757	0.955	3
758	0.903	3
759	1.133	3
760	1.063	3
761	1.209	3
762	0.822	3
763	1.218	3
764	1.089	3
765	0.932	3
766	1.231	3
767	1.12	3
768	0.555	3
769	0.781	3
770	0.796	3
771	0.751	3
772	0.661	3
773	0.669	3
774	0.411	3
775	0.789	3
776	0.805	3
777	0.672	3
778	0.939	3
779	0.982	3
780	1.147	3
781	1.042	3
782	0.715	3
783	0.703	3
784	0.733	3
785	0.651	3
786	0.615	3
787	0.792	3
788	0.891	3
789	0.876	3
790	0.786	3
791	1.071	3
792	1.075	3
793	1.227	3
794	1.323	3
795	1.436	3
796	0.871	3
797	1.493	3
798	1.501	3
799	1.476	3
800	1.474	3
801	1.203	3
802	1.324	3
803	1.19	3
804	1.08	3
805	0.91	3
806	1.065	3
807	0.67	3
808	1.253	3
809	1.3	3
810	1.247	3
811	1.08	3
812	1.298	3
813	1.291	3
814	0.917	3
815	1.08	3
816	0.972	3
817	1.067	3
818	1.6	3
819	1.167	3
820	1.154	3
821	1.245	3
822	1.461	3
823	1.084	3
824	0.954	3
825	1.228	3
826	1.019	3
827	1.069	3
828	1.036	3
829	0.917	3
830	0.953	3
831	0.742	3
832	0.93	3
833	0.983	3
834	0.834	3
835	0.874	3
836	0.705	3
837	0.685	3
838	0.797	4
839	0.883	4
840	0.91	4
841	0.402	4
842	0.743	4
843	0.798	4
844	0.802	4
845	0.649	4
846	0.954	4
847	0.814	4
848	0.59	4
849	0.922	4
850	0.938	4
851	0.728	4
852	0.88	4
853	0.821	4
854	0.797	4
855	0.761	4
856	0.823	4
857	0.77	4
858	0.853	4
859	0.909	4
860	0.667	4
861	0.655	4
862	0.73	4
863	0.777	4
864	1.056	4
865	1.002	4
866	1.172	4
867	1.057	4
868	1.101	4
869	1.119	4
870	1.109	4
871	1.234	4
872	0.863	4
873	1.131	4
874	1.232	4
875	1.202	4
876	1.035	4
877	1.175	4
878	0.979	4
879	1.091	4
880	1.083	4
881	1.272	4
882	1.243	4
883	1.323	4
884	1.046	4
885	1.151	4
886	1.056	4
887	1.011	4
888	0.788	4
889	1.047	4
890	0.628	4
891	1.058	4
892	0.891	4
893	0.845	4
894	0.896	4
895	0.801	4
896	0.737	4
897	1.114	4
898	0.94	4
899	0.932	4
900	0.996	4
901	0.961	4
902	0.938	4
903	0.794	4
904	0.806	4
905	0.69	4
906	0.719	4
907	0.964	4
908	1.044	4
909	0.921	4
910	0.957	4
911	0.622	4
912	0.9	4
913	0.834	4
914	0.737	4
915	0.738	4
916	0.672	4
917	0.801	4
918	0.933	4
919	0.591	4
920	0.69	4
921	0.836	4
922	0.753	4
923	0.812	4
924	0.86	4
925	0.579	4
926	0.7	4
927	0.708	4
928	0.906	4
929	0.916	4
930	0.748	5
931	0.813	5
932	0.85	5
933	0.832	5
934	0.685	5
935	0.976	5
936	0.85	5
937	1.235	5
938	1.606	5
939	1.343	5
940	0.951	5
941	1.161	5
942	1.253	5
943	1.475	5
944	1.274	5
945	1.37	5
946	1.327	5
947	1.355	5
948	1.502	5
949	1.087	5
950	1.316	5
951	1.188	5
952	1.157	5
953	0.92	5
954	1.171	5
955	1.15	5
956	0.732	5
957	1.143	5
958	0.988	5
959	0.928	5
960	1.096	5
961	1.274	5
962	0.855	5
963	1.071	5
964	0.949	5
965	1.014	5
966	0.751	5
967	1.256	5
968	1.237	5
969	1.179	5
970	1.12	5
971	0.71	5
972	0.601	5
973	0.641	5
974	0.709	5
975	0.875	5
976	0.708	5
977	1.057	5
978	0.938	5
979	1.045	5
980	1.191	5
981	0.785	5
982	1.21	5
983	1.049	5
984	1	5
985	1.091	5
986	1.04	5
987	0.824	5
988	0.927	5
989	0.926	5
990	0.802	5
991	1.033	5
992	0.993	5
993	1.259	5
994	1.129	5
995	1.15	5
996	0.955	5
997	0.924	5
998	1.006	5
999	0.802	5
1000	0.878	5
1001	0.934	5
1002	1.149	5
1003	1.138	5
1004	0.83	5
1005	1.027	5
1006	0.703	5
1007	0.898	5
1008	1.311	5
1009	1.213	5
1010	1.353	5
1011	1.693	5
1012	1.692	5
1013	1.148	5
1014	1.303	5
1015	1.479	5
1016	1.176	5
1017	1.286	5
1018	1.015	5
1019	1.118	5
1020	1.291	5
1021	1	5
1022	1.082	5
1023	1.143	5
1024	0.676	5
1025	0.785	5
1026	0.987	5
1027	1.155	5
1028	1.171	5
1029	0.768	6
1030	0.557	6
1031	1.051	6
1032	1.153	6
1033	1.14	6
1034	1.192	6
1035	1.455	6
1036	1.248	6
1037	1.056	6
1038	0.816	6
1039	1.232	6
1040	1.467	6
1041	1.121	6
1042	1.288	6
1043	1.026	6
1044	1.018	6
1045	1.068	6
1046	0.841	6
1047	0.893	6
1048	0.99	6
1049	0.977	6
1050	0.824	6
1051	0.993	6
1052	0.725	6
1053	0.83	6
1054	0.865	6
1055	1	6
1056	1.145	6
1057	1.186	6
1058	1.173	6
1059	0.986	6
1060	1.031	6
1061	0.869	6
1062	0.93	6
1063	1.093	6
1064	0.891	6
1065	1.124	6
1066	0.8	6
1067	1.057	6
1068	1.03	6
1069	0.694	6
1070	0.553	6
1071	0.809	6
1072	0.95	6
1073	0.993	6
1074	0.935	6
1075	0.583	6
1076	0.71	6
1077	0.761	6
1078	0.77	6
1079	0.922	6
1080	0.952	6
1081	1.441	6
1082	1.108	6
1083	1.427	6
1084	1.478	7
1085	1.817	7
1086	1.429	7
1087	0.813	7
1088	0.985	7
1089	1.24	7
1090	1.167	7
1091	1.129	7
1092	1.27	7
1093	1.229	7
1094	1.386	7
1095	1.509	7
1096	0.922	7
1097	1.363	7
1098	1.309	7
1099	1.173	7
1100	1.223	7
1101	0.984	7
1102	0.861	7
1103	1.205	7
1104	0.67	7
1105	0.891	7
1106	0.921	7
1107	1.059	7
1108	1.026	7
1109	1.228	7
1110	0.93	7
1111	1.173	7
1112	0.92	7
1113	0.748	7
1114	0.715	8
1115	0.847	8
1116	0.845	8
1117	0.758	8
1118	0.535	8
1119	0.727	8
1120	0.647	8
1121	0.717	8
1122	0.702	8
1123	0.921	8
1124	0.92	8
1125	1.071	8
1126	0.883	8
1127	1.116	8
1128	0.946	8
1129	1.017	8
1130	0.903	8
1131	0.733	8
1132	0.762	8
1133	0.849	8
1134	0.81	8
1135	0.898	8
1136	0.987	8
1137	0.787	8
1138	0.878	8
1139	0.606	8
1140	0.873	8
1141	0.737	8
1142	0.785	8
1143	0.915	8
1144	0.81	8
1145	0.683	8
1146	0.805	8
1147	0.883	8
1148	0.684	8
1149	0.769	8
1150	0.863	8
1151	0.775	8
1152	0.894	8
1153	0.882	8
1154	0.764	8
1155	0.961	9
1156	1.197	9
1157	1.186	9
1158	1.099	9
1159	1.018	9
1160	1.392	9
1161	1.474	9
1162	1.248	9
1163	1.121	9
1164	1.355	9
1165	1.321	9
1166	1.252	9
1167	0.96	9
1168	1.094	9
1169	1.245	9
1170	1.091	9
1171	1.25	9
1172	0.957	9
1173	1.013	9
1174	0.891	9
1175	1.265	9
1176	1.12	9
1177	1.02	9
1178	1.153	9
1179	1.216	9
1180	1.072	9
1181	0.864	9
1182	1.059	9
1183	0.933	9
1184	0.593	9
1185	0.962	9
1186	0.719	9
1187	0.778	9
1188	1.012	9
1189	1.079	9
1190	1.069	9
1191	1.07	9
1192	1.315	9
1193	1.149	9
1194	0.804	9
1195	0.853	9
1196	1.086	9
1197	0.901	9
1198	1.099	9
1199	0.74	9
1200	0.998	9
1201	0.894	9
1202	0.809	9
1203	0.91	9
1204	0.933	9
1205	0.936	9
1206	1.056	9
1207	1.112	9
1208	1.071	9
1209	1.242	9
1210	0.973	9
1211	0.98	9
1212	1.062	9
1213	0.876	9
1214	1.046	9
1215	0.729	9
1216	0.761	9
1217	0.809	9
1218	0.776	9
1219	0.941	9
1220	0.974	9
1221	1.104	9
1222	1.197	9
1223	1.291	9
1224	1.25	9
1225	1.353	9
1226	1.184	9
1227	1.331	9
1228	1.391	9
1229	1.621	9
1230	1.365	9
1231	1.518	9
1232	1.383	9
1233	1.316	9
1234	1.137	9
1235	0.787	9
1236	1.17	9
1237	1.067	9
1238	1.159	9
1239	1.114	9
1240	1.316	9
1241	1.295	9
1242	1.296	9
1243	0.974	9
1244	1.286	9
1245	1.406	9
1246	0.919	9
1247	1.183	9
1248	1.265	9
1249	1.06	9
1250	0.802	9
1251	1.043	9
1252	1.058	9
1253	1.007	9
1254	0.881	9
1255	0.809	9
1256	0.902	9
1257	1.097	9
1258	1.142	9
1259	0.961	9
1260	0.642	9
1261	0.744	9
1262	0.936	9
1263	0.852	9
1264	0.618	9
1265	0.989	9
1266	0.757	9
1267	1.222	9
1268	1.055	9
1269	1.297	9
1270	0.996	9
1271	1.262	9
1272	0.917	9
1273	0.659	9
1274	0.923	9
1275	0.953	9
1276	1.072	9
1277	1.117	9
1278	0.99	9
1279	1.096	9
1280	1.145	9
1281	0.79	9
1282	0.867	9
1283	0.622	9
1284	0.687	9
1285	0.782	9
1286	0.729	9
1287	0.909	9
1288	0.854	9
1289	0.947	9
1290	0.994	9
1291	0.98	9
1292	0.624	9
1293	0.756	9
1294	0.678	9
1295	0.78	9
1296	1.052	9
1297	1.092	9
1298	1.147	9
1299	1.1	9
1300	1.196	9
1301	1.221	9
1302	1.66	9
1303	1.569	9
1304	1.76	9
1305	1.461	9
1306	1.288	9
1307	1.34	9
1308	1.392	9
1309	1.528	9
1310	1.76	9
1311	0.782	9
1312	1.101	9
1313	0.991	9
1314	1.094	9
1315	1.18	9
1316	1.259	10
1317	1.16	10
1318	0.638	10
1319	0.893	10
1320	0.994	10
1321	0.797	10
1322	0.973	10
1323	1.173	10
1324	0.965	10
1325	0.924	10
1326	1.105	10
1327	1.214	10
1328	1.098	10
1329	0.795	10
1330	1.076	10
1331	0.958	10
1332	0.751	10
1333	0.891	10
1334	0.758	10
1335	0.869	10
1336	0.927	10
1337	0.826	10
1338	0.949	10
1339	1.02	10
1340	0.9	10
1341	0.967	10
1342	0.872	10
1343	1.043	10
1344	0.931	10
1345	0.963	10
1346	0.782	10
1347	0.837	10
1348	0.837	10
1349	0.941	10
1350	0.764	10
1351	0.938	10
1352	0.867	10
1353	0.814	10
1354	0.951	10
1355	1.072	11
1356	0.977	11
1357	1.007	11
1358	1.156	11
1359	0.935	11
1360	0.886	11
1361	0.69	11
1362	1.022	11
1363	0.94	11
1364	1.01	11
1365	1.063	11
1366	0.956	11
1367	1.071	11
1368	1.194	11
1369	1.259	11
1370	0.944	11
1371	0.995	11
1372	1.055	11
1373	0.986	11
1374	1.055	11
1375	0.941	11
1376	0.909	11
1377	1.153	11
1378	0.977	11
1379	0.874	11
1380	1.139	11
1381	1.2	11
1382	1.057	11
1383	1.225	11
1384	1.025	11
1385	0.713	11
1386	0.711	11
1387	0.89	11
1388	0.753	11
1389	0.812	11
1390	0.881	11
1391	0.626	11
1392	0.594	12
1393	0.729	12
1394	0.764	12
1395	0.782	12
1396	0.694	12
1397	0.726	12
1398	0.852	12
1399	0.623	12
1400	0.784	12
1401	0.975	12
1402	0.937	12
1403	0.898	12
1404	0.76	13
1405	0.883	13
1406	0.815	13
1407	1.116	13
1408	1.075	13
1409	1.004	13
1410	1.149	13
1411	1.171	13
1412	0.781	13
1413	0.914	13
1414	0.787	13
1415	0.904	13
1416	0.721	13
1417	0.777	13
1418	0.851	13
1419	0.936	13
1420	0.885	13
1421	0.734	13
1422	0.79	13
1423	0.948	13
1424	0.682	13
1425	0.619	13
1426	0.839	13
1427	0.792	13
1428	0.851	13
1429	0.935	13
1430	0.76	13
1431	0.673	13
1432	0.891	13
1433	1.085	13
1434	0.919	13
1435	0.796	13
1436	0.647	13
1437	0.763	13
1438	0.696	13
1439	0.773	13
1440	1.021	13
1441	0.777	13
1442	0.886	13
1443	1.016	13
1444	1.145	13
1445	1.217	13
1446	1.091	13
1447	0.871	14
1448	1.09	14
1449	1.207	14
1450	1.274	14
1451	1.215	14
1452	1.031	14
1453	1.089	14
1454	1.138	14
1455	0.852	16
1456	0.68	16
1457	0.801	16
1458	0.907	16
1459	0.783	16
1460	0.807	16
1461	0.688	16
1462	0.664	16
1463	0.673	16
1464	0.847	16
1465	0.814	16
1466	0.8	16
1467	0.888	16
1468	0.607	16
1469	0.611	16
1470	0.822	16
1471	1.009	16
1472	1.223	16
1473	1.145	16
1474	1.411	17
1475	1.423	17
1476	1.384	17
1477	1.194	17
1478	1.269	17
1479	1.056	17
1480	0.701	18
1481	0.869	18
1482	0.795	18
1483	0.477	18
1484	0.4	18
1485	0.645	18
1486	0.666	18
1487	0.725	18
1488	0.822	18
1489	0.858	18
1490	0.877	18
1491	0.903	18
1492	0.944	18
1493	0.893	18
1494	0.829	18
1495	0.847	18
1496	0.908	18
1497	0.958	18
1498	1.086	18
1499	0.981	18
1500	1.015	18
1501	1.001	18
1502	0.944	18
1503	0.922	18
1504	0.915	19
1505	1.038	19
1506	1.013	19
1507	1.145	19
1508	1.212	19
1509	1.436	19
1510	0.905	19
1511	1.077	19
1512	1.223	19
1513	0.988	19
1514	0.955	19
1515	1.183	19
1516	1.031	19
1517	1.249	19
1518	0.945	20
1519	1.125	20
1520	1.135	20
1521	1.215	20
1522	1.242	21
1523	1.04	22
1524	1.42	22
1525	1.355	23
1526	1.251	23
1527	1.101	23
1528	1.199	23
1529	1.043	23
1530	1.067	23
1531	1.081	23
1532	1.061	23
1533	1.172	23
1534	1.247	23
1535	1.14	23
1536	0.968	23
1537	1.062	24
1538	0.8	24
1539	0.511	24
1540	0.649	24
1541	0.855	24
1542	0.825	24
1543	0.852	24
1544	0.87	24
1545	1.035	24
1546	0.994	24
1547	1.09	24
1548	1.059	24
1549	0.956	24
1550	1.107	25
1551	1.079	25
1552	1.159	26
1553	1.246	26
1554	1.269	26
1555	0.996	26
1556	0.712	26
1557	0.73	26
1558	0.807	26
1559	0.83	26
1560	0.814	26
1561	1.012	26
1562	1.059	26
1563	1.009	26
1564	0.795	26
1565	0.592	26
1566	0.812	26
1567	0.884	26
1568	0.883	26
1569	0.924	26
1570	1.007	26
1571	0.965	26
1572	0.764	26
1573	0.835	26
1574	0.928	26
1575	0.917	27
1576	0.884	27
1577	1.051	27
1578	1	27
1579	0.999	27
1580	1.029	27
1581	0.957	27
1582	0.678	27
1583	0.927	27
1584	1.185	27
1585	1.347	27
1586	1.44	27
1587	1.658	27
1588	1.766	27
1589	1.243	27
1590	1.411	27
1591	1.602	27
1592	1.445	27
1593	1.509	27
1594	1.663	27
1595	1.493	27
1596	1.628	27
1597	1.481	27
1598	1.547	27
1599	0.64	27
1600	0.95	27
1601	1.288	28
1602	1.288	29
1603	1.261	29
1604	0.725	29
1605	0.949	34
1606	1.008	34
1607	0.911	34
1608	0.943	34
1609	1.177	34
1610	1.127	34
1611	0.982	34
1612	0.537	34
1613	0.765	34
1614	0.981	34
1615	0.933	34
1616	1.085	34
1617	1.082	35
1618	1.127	35
1619	1.128	35
1620	1.292	35
1621	0.927	35
1622	0.915	35
1623	0.977	35
1624	0.967	35
1625	0.874	36
1626	1.031	36
1627	0.782	36
1628	0.9	36
1629	0.838	36
1630	0.775	36
1631	0.822	36
1632	0.705	36
1633	0.943	36
1634	1.008	36
1635	0.804	36
1636	0.891	36
1637	0.967	36
1638	0.986	36
1639	0.923	36
1640	0.883	36
1641	1.067	36
1642	1.116	36
1643	1.083	36
1644	1.207	36
1645	1.226	36
1646	1.291	36
1647	1.19	36
1648	1.23	36
1649	1.196	36
1650	1.231	36
1651	1.125	36
1652	1.127	36
1653	1.098	36
1654	1.145	36
1655	1.054	36
1656	0.99	36
1657	1.045	36
1658	1.195	36
1659	1.265	36
1660	1.201	36
1661	1.181	36
1662	1.267	36
1663	1.394	36
1664	1.247	36
1665	0.597	36
1666	0.804	36
1667	1.01	36
1668	0.925	36
1669	0.884	36
1670	0.837	36
1671	0.873	36
1672	0.839	36
1673	0.802	36
1674	0.849	38
1675	0.813	38
1676	0.892	38
1677	0.971	38
1678	0.996	38
1679	1.03	38
1680	1.036	38
1681	1.039	38
1682	1.083	38
1683	1.223	38
1684	1.175	38
1685	1.166	38
1686	0.807	38
1687	0.755	38
1688	0.879	38
1689	0.885	38
1690	0.941	39
1691	0.91	39
1692	1.015	39
1693	0.671	39
1694	1.059	39
1695	0.9	39
1696	0.92	39
1697	0.855	39
1698	0.896	39
1699	0.523	39
1700	0.616	39
1701	0.721	38
1702	0.777	38
1703	0.908	38
1704	1.034	38
1705	1.097	38
1706	1.034	38
1707	1.178	38
1708	1.064	38
1709	1.154	38
1710	1.185	38
1711	1.149	38
1712	0.744	38
1713	0.736	38
1714	0.797	38
1715	0.798	38
1716	0.813	38
1717	0.808	38
1718	0.514	39
1719	0.61	39
1720	0.603	39
1721	0.638	39
1722	0.706	39
1723	0.792	39
1724	0.822	39
1725	0.776	38
1726	0.872	38
1727	0.97	38
1728	1.172	38
1729	1.038	38
1730	1.082	38
1731	1.277	38
1732	1.295	38
1733	1.164	38
1734	1.056	38
1735	1.277	39
1736	1.405	39
1737	1.004	39
1738	0.638	39
1739	0.887	39
1740	0.97	39
1741	1.056	39
1742	0.953	39
1743	1.009	39
1744	0.968	39
1745	0.825	39
1746	1.077	39
1747	1	39
1748	0.937	39
1749	1.086	39
1750	1.147	39
1751	0.936	38
1752	1	38
1753	0.944	38
1754	0.998	38
1755	1.022	38
1756	1.087	38
1757	1.158	38
1758	1.22	38
1759	1.027	38
1760	0.918	38
1761	0.967	38
1762	1.004	38
1763	0.914	38
1764	1.001	38
1765	1.012	38
1766	0.486	38
1767	0.628	38
1768	0.739	38
1769	0.765	38
1770	0.516	38
1771	0.798	38
1772	0.794	38
1773	0.881	38
1774	0.958	38
1775	0.964	37
1776	0.987	37
1777	0.995	37
1778	0.994	37
1779	0.904	37
1780	1.108	38
1781	1.124	38
1782	0.84	38
1783	0.876	38
1784	1.019	38
1785	0.972	38
1786	0.928	38
1787	0.986	38
1788	1.116	38
1789	0.96	38
1790	1.108	38
1791	1.042	38
1792	0.7	38
1793	0.804	38
1794	0.949	38
1795	0.916	38
1796	0.965	38
1797	1.057	38
1798	1.136	38
1799	1.265	38
1800	1.359	38
1801	1.311	38
1802	1.358	38
1803	1.375	38
1804	0.999	38
1805	1.053	38
1806	1.367	38
1807	1.208	38
1808	1.184	38
1809	1.195	38
1810	1.201	38
1811	1.045	38
1812	1.114	38
1813	1.116	38
1814	1.069	38
1815	0.445	38
1816	0.445	38
1817	0.573	38
1818	0.6	38
1819	0.591	38
1820	0.525	38
1821	0.617	38
1822	0.889	38
1823	0.84	38
1824	0.858	38
1825	0.938	38
1826	1.246	38
1827	1.192	38
1828	1.441	38
1829	1.663	38
1830	1.625	38
1831	1.456	37
1832	1.579	37
1833	0.998	37
1834	1.013	37
1835	1.443	37
1836	1.366	37
1837	1.209	37
1838	1.146	37
1839	1.177	37
1840	1.138	37
1841	0.759	37
1842	0.982	37
1843	1.012	37
1844	1.011	37
1845	0.951	37
1846	1.049	37
1847	1.118	37
1848	1.039	37
1849	1.225	37
1850	1.123	37
1851	0.42	37
1852	0.573	37
1853	0.788	37
1854	0.765	37
1855	0.725	37
1856	0.813	37
1857	0.886	37
1858	0.929	37
1859	0.884	37
1860	0.834	37
1861	0.836	37
1862	0.981	37
1863	0.961	37
1864	1.003	37
1865	0.867	37
1866	0.922	37
1867	0.666	37
1868	0.923	37
1869	0.742	37
1870	0.799	37
1871	0.72	36
1872	1.073	36
1873	1.072	36
1874	1.114	36
1875	1.063	36
1876	1.212	36
1877	0.586	36
1878	0.726	36
1879	0.685	36
1880	0.934	36
1881	0.934	36
1882	1.002	36
1883	1.099	36
1884	1.214	36
1885	1.164	36
1886	1.225	36
1887	1.335	36
1888	1.122	36
1889	1.288	36
1890	1.279	35
1891	1.167	35
1892	1.133	35
1893	1.226	35
1894	1.27	35
1895	1.181	35
1896	1.15	35
1897	0.729	35
1898	0.993	35
1899	1	35
1900	1.156	30
1901	1.091	29
1902	1.346	29
1903	1.384	29
1904	1.387	29
1905	1.33	29
1906	1.081	29
1907	1.437	29
1908	1.387	29
1909	1.276	29
1910	1.288	29
1911	0.686	29
1912	0.572	29
1913	0.605	29
1914	0.853	29
1915	0.94	29
1916	1.124	29
1917	0.849	29
1918	0.987	29
1919	0.822	29
1920	0.853	29
1921	0.835	29
1922	0.968	29
1923	0.626	29
1924	0.733	29
1925	1.056	28
1926	1.099	28
1927	0.842	27
1928	1.022	27
1929	1.34	27
1930	1.094	27
1931	1.017	27
1932	1.123	27
1933	1.328	27
1934	0.936	27
1935	1.339	27
1936	0.868	27
1937	1.001	27
1938	1.114	27
1939	0.897	26
1940	0.877	26
1941	0.996	26
1942	1.11	26
1943	0.889	26
1944	0.662	26
1945	0.775	26
1946	0.886	26
1947	1.139	26
1948	1.123	26
1949	0.967	26
1950	1.199	25
1951	1.229	24
1952	1.088	24
1953	1.055	24
1954	1.106	24
1955	0.94	24
1956	1.028	24
1957	0.746	23
1958	0.502	23
1959	0.546	23
1960	0.756	23
1961	0.536	16
1962	0.648	12
1963	0.89	12
1964	0.752	12
1965	0.92	12
1966	0.789	12
1967	0.771	12
1968	0.763	11
1969	0.696	11
1970	0.754	11
1971	0.878	9
1972	0.83	9
1973	0.856	9
1974	0.924	9